101 102 114
102 1 101
103 104 1
104 2 103
105 106 3
106 107 105
107 8 106
108 109 8
109 110 108
110 7 109
111 5 7
112 113 5
113 6 112
114 6 101
201 202 
202 203 201
203 204 202
204 205 203
205 206 204
206 207 205
207 208 206
208 2 207
209 210 4
210 211 209
211 212 210
212 6 211
213 214 6
214 215 213
215 216 214
216 215
301 302 
302 303 301
303 1 302
304 305 1
305 306 304
306 307 305
307 4 306
308 309 4
309 8 308
310 311 8
311 312 310
312 313 311
313 312
401 402 
402 403 401
403 404 402
404 405 403
405 7 404
406 407 7
407 408 406
408 8 407
409 410 8
410 411 409
411 412 410
412 413 411
413 414 412
414 415 413
415 416 414
416 415
501 502 
502 503 501
503 504 502
504 503 5
505 506 5
506 505 4
507 508 3
508 509 507
509 510 508
510 509
1 102 103 303 304
2 104 3 208 4
3 2 105 4 507
4 307 308 2 209 506 3
5 111 112 504 505
6 113 114 212 213
7 110 111 405 406
8 107 108 408 409 309 310
